39402
7011
6518
5110
5954
4092
4122
3952
3499
3943
3735
2873
3117
3163
3147
2958
2495
2524
2405
2195
2487
2097
1997
1730
1647
1598
1619
1706
1647
1654
1622
1533
1162
1325
1358
1328
1101
1031
1110
1101
1078
1185
1072
955
783
809
763
690
652
696
677
638
694
661
731
750
665
707
768
738
800
729
740
698
625
678
593
572
621
605
590
610
549
541
601
551
649
642
657
592
533
572
537
556
539
584
502
497
488
483
569
533
506
478
484
486
434
437
452
460
496
462
493
515
538
547
426
453
459
478
425
496
416
430
435
394
404
400
397
428
391
397
428
422
393
392
429
367
411
412
408
396
379
356
377
389
383
373
371
321
353
389
373
368
379
349
339
365
342
336
320
363
373
358
337
352
330
339
341
351
359
348
333
328
350
324
338
338
363
355
324
387
380
363
321
302
346
340
302
326
315
275
279
274
289
296
290
286
279
288
313
294
298
292
275
290
304
315
327
312
357
301
328
327
269
260
291
321
303
281
280
292
269
282
281
287
279
258
262
283
272
262
266
272
278
302
318
287
275
264
267
280
266
263
287
273
263
263
286
268
264
324
274
253
251
262
269
259
248
271
300
305
268
297
267
265
259
243
237
252
247
266
242
254
255
262
251
279
285
281
256
241
244
258
258
238
221
226
228
245
229
219
235
228
226
251
216
216
238
253
242
231
209
212
226
216
201
224
222
274
220
235
233
223
215
232
252
221
219
221
215
207
208
243
208
203
198
202
215
218
205
226
212
208
200
202
212
233
197
206
199
225
209
193
223
193
196
215
197
193
197
208
201
182
200
195
216
199
205
186
202
197
186
205
199
205
200
183
191
185
196
200
188
195
209
187
194
184
197
202
198
178
180
182
202
185
183
168
168
216
211
177
193
169
190
181
174
168
173
184
176
178
177
178
182
171
182
168
166
172
155
167
170
166
170
165
169
177
163
168
156
154
152
185
148
163
155
150
150
165
169
159
151
162
158
151
152
161
159
146
142
162
161
159
150
149
141
142
168
178
149
141
152
147
154
146
150
146
163
166
139
143
144
163
144
140
153
152
140
154
140
145
131
131
134
140
141
138
140
135
141
137
163
149
170
139
167
156
138
153
137
141
142
139
143
161
136
146
141
135
145
132
132
133
135
155
126
161
136
133
132
136
123
144
162
148
137
134
146
139
123
137
138
153
127
129
132
139
140
127
127
131
126
122
122
139
120
123
126
130
129
143
135
132
137
125
131
126
130
139
118
126
122
118
117
126
137
125
129
146
119
128
141
131
139
118
120
112
118
119
132
124
115
149
115
127
111
117
117
113
137
122
121
118
120
117
107
119
116
134
117
116
120
117
121
125
126
126
112
114
107
105
109
112
108
109
131
118
116
116
114
109
111
116
110
102
124
109
103
121
108
100
108
113
100
99
104
116
98
113
112
107
103
103
111
110
